
================================================================================
NYC出租车行程时间预测 - 实验报告
================================================================================

1. 数据概览
   - 总记录数: 500,000
   - 清洗后记录数: 392,177
   - 特征数量: 46

2. 模型性能对比
       model_name       RMSE        MAE       R2  Log_RMSE  Log_MAE  prediction_time                                                                                                                                                                                                                                                                                                                                                                                                                                                                                                                                                                                                                                                                                                                                                                                                                                                                                                                                                                                                                                                                                                                                                                                                                                                                                                                                                                                                                                                                                                                                                                                                                                                                                                                                                                                                                                                                                                                                                                                                         predictions
         lightgbm 170.108858  73.130304 0.948320  0.214752 0.090304         0.136482           [1261.2523932738932, 338.8881995508433, 811.0208465335784, 3982.827647933157, 1393.5680540648618, 2146.6762620884815, 226.92797494733065, 907.9930204361266, 189.80596917920028, 435.8005670975237, 493.5254837863369, 439.3230664753127, 313.3096380501125, 297.2458932248703, 592.098811376413, 989.0388513615267, 647.8725651939652, 784.376423219979, 603.8111812694237, 1050.450184284373, 728.1470015922919, 762.5629524407778, 2852.4312235266225, 1001.3733119042987, 343.35906544062243, 400.58497226237296, 353.92343232743184, 657.8810988551389, 819.6642250143605, 552.9534757751484, 753.9121480465218, 520.1946389598539, 1568.18706332278, 1125.343731762229, 170.26325257327738, 643.5503352511798, 266.2979474531952, 1179.121624375698, 507.51643705654675, 1050.3643827244362, 2009.9557984872554, 827.729708262314, 769.3295307447978, 451.52799085433594, 788.7915730363932, 437.50299344416135, 834.3460749911039, 217.75110652783584, 342.908951138621, 291.64254243681455, 716.6134612188956, 192.63998896225348, 335.1973452540589, 3128.7823817937406, 3686.0153996774047, 1254.5439142676216, 360.76481358174, 710.7762336973977, 1338.2793702651775, 677.4612299898113, 566.7788567337732, 852.2325509050311, 591.6628948243898, 599.6043212775722, 1549.732025873204, 380.13229646890517, 823.863610676917, 1334.4783019607235, 481.02934251256767, 1083.7839544220863, 1206.7931860347844, 200.91407997610247, 943.538346092598, 143.29319435722942, 1274.1077448680505, 579.1530309821203, 246.12619443947517, 607.230497587545, 624.590181778178, 927.0951606514434, 510.74021313490186, 1027.1819097251998, 808.1596305639868, 1206.841094871095, 751.5091179047553, 1233.926416457109, 876.398055478921, 918.8892177390305, 581.3613536559753, 1295.7376574834993, 470.3491987458454, 1442.535195908862, 809.0830123662943, 934.0335432961368, 212.8861267073173, 497.0282871837625, 327.70866438579185, 336.9812083815233, 795.7951202192576, 983.5261645608001, ...]
    random_forest 216.621034  86.681331 0.916196  0.196867 0.098651         0.097695 [1326.9194698470906, 313.31034618534346, 818.9028187398067, 3766.1101186911833, 1375.1949945120095, 2153.9831812410935, 232.0875067285798, 905.1486291925783, 168.59173270143808, 415.29824131177224, 507.834824295482, 452.7622970369582, 347.1460467200362, 295.4716070984393, 584.9520099335585, 951.7782738248695, 611.3617518147393, 769.1907820476039, 610.9526299613748, 878.4258659375156, 755.20173921885, 787.0477268342788, 3425.5759458196235, 978.7753232859645, 352.57132372653416, 415.29824131177224, 384.94678094116614, 689.5674947261733, 816.0719168346795, 549.8792450226376, 752.7973528222601, 486.38236629470816, 1603.923748094083, 1075.3288139766876, 168.59173270143808, 630.6926920208648, 257.18475521783205, 1141.1318343389014, 530.9978949346812, 1049.2930980050965, 1950.6942310338898, 804.5684385054055, 719.1609247048484, 432.6096844301789, 719.1609247048484, 446.7878521293003, 859.9388207495456, 214.99068427002064, 335.4907161187329, 295.4716070984393, 743.3719050756264, 214.99068427002064, 338.01050540790243, 3104.8260526957297, 3503.1567944107865, 1271.752751436749, 425.84628979891187, 699.8228917251598, 1345.8360589861063, 698.0111109265811, 547.7523492212271, 857.8106491329934, 593.3611608868958, 630.3053486135947, 1611.275365404089, 378.07609073930143, 772.4973038640653, 1420.265561750966, 479.77557168657535, 1054.3869902617826, 1231.187812840361, 214.99068427002064, 924.6409332857141, 157.034929888915, 1266.9548847353774, 587.0097222178765, 250.36887311667164, 592.9785705738457, 598.6337464461167, 918.2785632611916, 503.22785054377863, 1037.8115585110006, 797.8386608728615, 1194.8883622736726, 731.8999655521546, 1059.2956237382377, 888.3456575097168, 963.8996768883937, 590.69934970363, 1173.1986311938776, 488.77143998862647, 1405.9994702751262, 766.5972100307082, 940.9013522131893, 170.75843432273567, 510.8302778468445, 336.0345886042714, 344.6821601305218, 764.4511443129342, 1012.0620642233858, ...]
linear_regression 367.257547 223.957061 0.759116  0.529974 0.306138         0.012000                    [1127.533319831293, 495.63467192903715, 751.9269138480114, 3134.7060531957322, 1148.7816028424918, 1524.4766491441012, 268.00438211886984, 826.0331159715124, 375.1427414217047, 506.73029392981437, 549.8107611534099, 490.80956837422525, 454.04384410516684, 149.93682810557777, 539.803895993788, 1209.2333454859145, 637.5426111282836, 934.3615888144315, 647.5810284257791, 826.2547715776138, 698.9142973945555, 788.9539733405599, 3372.627535451516, 1112.5285346856153, 651.229206732231, 426.821089213028, 439.50011190995866, 899.3265869395321, 787.3525167500126, 698.7469683258555, 799.0835188613817, 654.6971723070403, 1440.649441950497, 802.8620830909535, 301.0252035178257, 722.6860917419781, 453.8025736021051, 1086.9218806925364, 840.6326106578452, 909.3689125458898, 1411.0357759682631, 686.4551941602102, 602.8907144007046, 500.65866532972836, 703.0876589330684, 340.8615032058251, 1030.569497975836, 456.56701635774965, 459.56813805502605, 436.4266789115976, 565.1297999120529, 310.3487023657653, 362.74402237941655, 2336.170293554383, 3062.53849332802, 1031.180009918859, 560.1912716051675, 784.8335094633942, 1682.7793510806541, 743.087503104705, 686.8975493462178, 873.670461258451, 671.4565148981995, 781.941027906977, 1329.59471472473, 441.40911661214756, 1075.2764563216397, 1023.4647484688219, 724.1364673214927, 846.4319814603423, 1086.4521461270767, 450.5242102702659, 899.5427010301387, 351.383374832788, 839.7129406451774, 717.1770969065979, 291.20071631675233, 682.171915154116, 704.590090784056, 824.2871504846282, 558.1209078623795, 949.2137213341459, 810.2287255580593, 1259.8489484926613, 808.0878266863739, 1413.7454343328216, 583.4458641950686, 1058.231172022255, 563.79089862936, 1522.0863738087487, 482.59000300699563, 1472.4506622237918, 816.5471193040838, 893.4983195776443, 250.5114031118166, 805.029931348684, 402.0524640316376, 539.1062922467726, 680.8434962340549, 778.8075667994086, ...]

3. 性能优化成果

================================================================================
性能优化报告
================================================================================

内存占用:
  原始数据                                        91.90MB
  优化后数据                                       91.20MB


